0 0.699219 0.55 0.0213542 0.0962963
0 0.695573 0.719907 0.0213542 0.100926
0 0.609375 0.149537 0.0208333 0.0898148
0 0.742708 0.225 0.0208333 0.1
0 0.754167 0.146296 0.01875 0.0740741
0 0.76901 0.211574 0.0234375 0.087963
0 0.702604 0.246759 0.0177083 0.119444
0 0.373437 0.533333 0.03125 0.0925926
0 0.302604 0.760648 0.04375 0.25463
0 0.699219 0.55 0.0213542 0.0962963
0 0.695573 0.719907 0.0213542 0.100926
0 0.609375 0.149537 0.0208333 0.0898148
0 0.742708 0.225 0.0208333 0.1
0 0.754167 0.146296 0.01875 0.0740741
0 0.76901 0.211574 0.0234375 0.087963
0 0.702604 0.246759 0.0177083 0.119444
0 0.373437 0.533333 0.03125 0.0925926
0 0.302604 0.760648 0.04375 0.25463
0 0.0908854 0.892593 0.0171875 0.103704
0 0.649479 0.075 0.0229167 0.0907407
0 0.694792 0.24537 0.0197917 0.107407
0 0.254427 0.591204 0.0203125 0.087963
0 0.0703125 0.885648 0.021875 0.110185
0 0.608854 0.15 0.0239583 0.0925926
0 0.673698 0.70787 0.0182292 0.108333
0 0.695573 0.718982 0.0213542 0.0990741
0 0.740365 0.233796 0.0171875 0.113889
0 0.72526 0.224537 0.0203125 0.108333
0 0.63151 0.156019 0.0223958 0.0953704
0 0.620833 0.153704 0.0229167 0.0962963
0 0.694792 0.0652778 0.0229167 0.0768519
0 0.702604 0.243056 0.0166667 0.110185
0 0.769271 0.216667 0.0229167 0.0962963
0 0.271615 0.590741 0.0203125 0.0851852
0 0.454688 0.449074 0.021875 0.1
0 0.303125 0.759722 0.0416667 0.25463
0 0.601823 0.49537 0.0286458 0.118519
0 0.226823 0.335185 0.0182292 0.0981481
0 0.589323 0.143056 0.0192708 0.0898148
0 0.647656 0.0736111 0.0255208 0.0842593
0 0.63776 0.154167 0.0171875 0.0972222
0 0.609115 0.156019 0.0203125 0.0935185
0 0.753906 0.285648 0.0182292 0.126852
0 0.76901 0.214815 0.0223958 0.0962963
0 0.741927 0.225 0.0192708 0.0981481
0 0.703125 0.243981 0.0166667 0.121296
0 0.724219 0.224074 0.0203125 0.112963
0 0.695573 0.0671296 0.0192708 0.0805556
0 0.332552 0.479167 0.0234375 0.10463
0 0.303385 0.761574 0.0442708 0.256481
0 0.694792 0.719907 0.021875 0.100926
0 0.497396 0.541667 0.034375 0.12963
0 0.606771 0.147222 0.021875 0.0833333
0 0.560156 0.218981 0.0213542 0.0805556
0 0.649479 0.0828704 0.021875 0.0972222
0 0.673177 0.707407 0.0182292 0.111111
0 0.702344 0.245833 0.0171875 0.119444
0 0.590885 0.146759 0.0234375 0.0787037
0 0.699479 0.55 0.0208333 0.105556
0 0.742708 0.224537 0.021875 0.100926
0 0.770052 0.215741 0.0244792 0.0944444
0 0.736719 0.109259 0.0234375 0.087037
0 0.0671875 0.527315 0.0302083 0.130556
0 0.75625 0.113426 0.0197917 0.0916667
0 0.457812 0.433333 0.0270833 0.0851852
0 0.298958 0.5625 0.0208333 0.10463
0 0.321354 0.555093 0.0208333 0.0972222
0 0.390625 0.413426 0.0208333 0.0898148
0 0.301823 0.759722 0.0421875 0.250926
0 0.772396 0.271759 0.021875 0.117593
0 0.625781 0.316667 0.0161458 0.1
0 0.69375 0.248148 0.0197917 0.12037
0 0.227083 0.331944 0.01875 0.100926
0 0.695833 0.719907 0.021875 0.0990741
0 0.770052 0.21713 0.0234375 0.100926
0 0.625521 0.15787 0.021875 0.117593
0 0.608854 0.15463 0.021875 0.0981481
0 0.672396 0.7125 0.021875 0.100926
0 0.703385 0.24537 0.0171875 0.118519
0 0.739844 0.236111 0.0171875 0.12037
0 0.303385 0.75787 0.0442708 0.247222
0 0.436458 0.643519 0.0395833 0.201852
0 0.695573 0.719907 0.0223958 0.100926
0 0.772135 0.272685 0.0223958 0.125
0 0.653125 0.293981 0.0166667 0.108333
0 0.784115 0.132407 0.0203125 0.0944444
0 0.626042 0.314352 0.0166667 0.0990741
0 0.69375 0.248611 0.0197917 0.117593
0 0.672396 0.713889 0.0229167 0.105556
0 0.770052 0.217593 0.0234375 0.101852
0 0.725521 0.225926 0.0197917 0.109259
0 0.742708 0.225463 0.0197917 0.0972222
0 0.703125 0.246759 0.0177083 0.117593
0 0.608594 0.150463 0.0203125 0.0953704
0 0.458854 0.425463 0.0270833 0.087963
0 0.606771 0.155093 0.0208333 0.102778
0 0.769271 0.216204 0.021875 0.100926
0 0.74401 0.225 0.0213542 0.101852
0 0.702344 0.246296 0.0171875 0.118519
0 0.226562 0.333333 0.01875 0.0907407
0 0.754948 0.213426 0.0192708 0.087963
0 0.72526 0.225 0.0203125 0.111111
0 0.767187 0.0583333 0.01875 0.0814815
0 0.63099 0.156481 0.0213542 0.0962963
0 0.61901 0.15787 0.0244792 0.0990741
0 0.797135 0.201852 0.0223958 0.101852
0 0.753125 0.286574 0.0177083 0.123148
0 0.770573 0.2125 0.0223958 0.0898148
0 0.739323 0.235185 0.0171875 0.116667
0 0.703385 0.246296 0.0182292 0.114815
0 0.672396 0.712037 0.021875 0.1
0 0.695052 0.718982 0.0203125 0.0953704
0 0.446094 0.467593 0.0213542 0.0833333
0 0.510417 0.543519 0.0333333 0.12963
0 0.329427 0.75787 0.0515625 0.247222
0 0.699219 0.55 0.0213542 0.0962963
0 0.695573 0.719907 0.0213542 0.100926
0 0.609375 0.149537 0.0208333 0.0898148
0 0.742708 0.225 0.0208333 0.1
0 0.754167 0.146296 0.01875 0.0740741
0 0.76901 0.211574 0.0234375 0.087963
0 0.702604 0.246759 0.0177083 0.119444
0 0.373437 0.533333 0.03125 0.0925926
0 0.302604 0.760648 0.04375 0.25463
0 0.699219 0.55 0.0213542 0.0962963
0 0.695573 0.719907 0.0213542 0.100926
0 0.609375 0.149537 0.0208333 0.0898148
0 0.742708 0.225 0.0208333 0.1
0 0.754167 0.146296 0.01875 0.0740741
0 0.76901 0.211574 0.0234375 0.087963
0 0.702604 0.246759 0.0177083 0.119444
0 0.373437 0.533333 0.03125 0.0925926
0 0.302604 0.760648 0.04375 0.25463
0 0.606771 0.155093 0.0208333 0.102778
0 0.769271 0.216204 0.021875 0.100926
0 0.74401 0.225 0.0213542 0.101852
0 0.702344 0.246296 0.0171875 0.118519
0 0.226562 0.333333 0.01875 0.0907407
0 0.754167 0.284259 0.01875 0.122222
0 0.698698 0.544907 0.0203125 0.0861111
0 0.210938 0.362037 0.0229167 0.118519
0 0.226562 0.331481 0.01875 0.0925926
0 0.625781 0.313426 0.0161458 0.100926
0 0.876302 0.15463 0.0203125 0.0888889
0 0.673437 0.708333 0.01875 0.109259
0 0.740104 0.235185 0.0177083 0.114815
0 0.772135 0.271759 0.0213542 0.115741
0 0.767187 0.211574 0.021875 0.0916667
0 0.695833 0.719907 0.021875 0.0990741
0 0.692187 0.247685 0.01875 0.115741
0 0.72474 0.224537 0.0203125 0.112037
0 0.617969 0.156481 0.0244792 0.101852
0 0.14401 0.646759 0.0213542 0.0972222
0 0.703385 0.24537 0.0171875 0.116667
0 0.626562 0.156944 0.0229167 0.112037
0 0.609375 0.153704 0.021875 0.0962963
0 0.459375 0.424074 0.0229167 0.0722222
0 0.257292 0.594444 0.0427083 0.15
0 0.283333 0.7625 0.046875 0.247222
0 0.302604 0.760648 0.04375 0.25463
0 0.373437 0.533333 0.03125 0.0925926
0 0.302604 0.760648 0.04375 0.25463
0 0.373437 0.533333 0.03125 0.0925926
0 0.302604 0.760648 0.04375 0.25463
0 0.459375 0.424074 0.0229167 0.0722222
0 0.257292 0.594444 0.0427083 0.15
0 0.283333 0.7625 0.046875 0.247222
0 0.608594 0.155556 0.0203125 0.0981481
0 0.453646 0.40463 0.021875 0.0981481
0 0.248437 0.605093 0.0385417 0.175
0 0.291927 0.760648 0.0401042 0.241667
0 0.235677 0.646296 0.0203125 0.111111
0 0.257812 0.652315 0.0260417 0.0898148
0 0.289323 0.755556 0.0463542 0.244444
0 0.645312 0.464352 0.01875 0.0990741
0 0.598437 0.425 0.0177083 0.0888889
0 0.289583 0.756019 0.0447917 0.247222
0 0.596354 0.606944 0.0333333 0.175
0 0.430729 0.414815 0.01875 0.0907407
0 0.492708 0.485648 0.021875 0.0953704
0 0.053125 0.673611 0.05 0.202778
0 0.598177 0.533796 0.0317708 0.132407
0 0.119531 0.698611 0.0494792 0.217593
0 0.702604 0.246759 0.0177083 0.117593
0 0.0122396 0.709259 0.0223958 0.124074
0 0.454948 0.456019 0.0265625 0.108333
0 0.153125 0.628704 0.0333333 0.166667
0 0.128906 0.697222 0.0421875 0.205556
0 0.351823 0.478704 0.0255208 0.0907407
0 0.174479 0.548611 0.0260417 0.106481
0 0.115625 0.69537 0.0354167 0.2
0 0.701823 0.244907 0.0182292 0.112037
0 0.282031 0.634259 0.0203125 0.0962963
0 0.517448 0.688426 0.0494792 0.208333
0 0.976042 0.507407 0.0333333 0.12037
0 0.433073 0.479167 0.0276042 0.110185
0 0.470052 0.477778 0.0265625 0.105556
0 0.123958 0.68287 0.03125 0.182407
0 0.373437 0.533333 0.03125 0.0925926
0 0.302604 0.760648 0.04375 0.25463
0 0.373437 0.533333 0.03125 0.0925926
0 0.302604 0.760648 0.04375 0.25463
0 0.373437 0.533333 0.03125 0.0925926
0 0.302604 0.760648 0.04375 0.25463
0 0.373437 0.533333 0.03125 0.0925926
0 0.302604 0.760648 0.04375 0.25463
0 0.373437 0.533333 0.03125 0.0925926
0 0.302604 0.760648 0.04375 0.25463
0 0.459375 0.424074 0.0229167 0.0722222
0 0.257292 0.594444 0.0427083 0.15
0 0.283333 0.7625 0.046875 0.247222
0 0.608594 0.155556 0.0203125 0.0981481
0 0.453646 0.40463 0.021875 0.0981481
0 0.248437 0.605093 0.0385417 0.175
0 0.291927 0.760648 0.0401042 0.241667
0 0.235677 0.646296 0.0203125 0.111111
0 0.257812 0.652315 0.0260417 0.0898148
0 0.289323 0.755556 0.0463542 0.244444
0 0.645312 0.464352 0.01875 0.0990741
0 0.598437 0.425 0.0177083 0.0888889
0 0.289583 0.756019 0.0447917 0.247222
0 0.596354 0.606944 0.0333333 0.175
0 0.430729 0.414815 0.01875 0.0907407
0 0.492708 0.485648 0.021875 0.0953704
0 0.053125 0.673611 0.05 0.202778
0 0.598177 0.533796 0.0317708 0.132407
0 0.119531 0.698611 0.0494792 0.217593
0 0.702604 0.246759 0.0177083 0.117593
0 0.0122396 0.709259 0.0223958 0.124074
0 0.454948 0.456019 0.0265625 0.108333
0 0.153125 0.628704 0.0333333 0.166667
0 0.128906 0.697222 0.0421875 0.205556
0 0.351823 0.478704 0.0255208 0.0907407
0 0.174479 0.548611 0.0260417 0.106481
0 0.115625 0.69537 0.0354167 0.2
0 0.701823 0.244907 0.0182292 0.112037
0 0.282031 0.634259 0.0203125 0.0962963
0 0.517448 0.688426 0.0494792 0.208333
0 0.976042 0.507407 0.0333333 0.12037
0 0.433073 0.479167 0.0276042 0.110185
0 0.470052 0.477778 0.0265625 0.105556
0 0.123958 0.68287 0.03125 0.182407
0 0.4125 0.505093 0.0270833 0.115741
0 0.451302 0.41713 0.0223958 0.0787037
0 0.391927 0.394444 0.0223958 0.0777778
0 0.376042 0.518056 0.0239583 0.106481
0 0.472135 0.481481 0.0244792 0.107407
0 0.133333 0.691667 0.0416667 0.211111
0 0.373437 0.533333 0.03125 0.0925926
0 0.302604 0.760648 0.04375 0.25463
0 0.373437 0.533333 0.03125 0.0925926
0 0.302604 0.760648 0.04375 0.25463
0 0.373437 0.533333 0.03125 0.0925926
0 0.302604 0.760648 0.04375 0.25463
0 0.459375 0.424074 0.0229167 0.0722222
0 0.257292 0.594444 0.0427083 0.15
0 0.283333 0.7625 0.046875 0.247222
0 0.608594 0.155556 0.0203125 0.0981481
0 0.453646 0.40463 0.021875 0.0981481
0 0.248437 0.605093 0.0385417 0.175
0 0.291927 0.760648 0.0401042 0.241667
0 0.235677 0.646296 0.0203125 0.111111
0 0.257812 0.652315 0.0260417 0.0898148
0 0.289323 0.755556 0.0463542 0.244444
0 0.645312 0.464352 0.01875 0.0990741
0 0.598437 0.425 0.0177083 0.0888889
0 0.289583 0.756019 0.0447917 0.247222
0 0.596354 0.606944 0.0333333 0.175
0 0.373437 0.533333 0.03125 0.0925926
0 0.302604 0.760648 0.04375 0.25463
0 0.373437 0.533333 0.03125 0.0925926
0 0.302604 0.760648 0.04375 0.25463
0 0.373437 0.533333 0.03125 0.0925926
0 0.302604 0.760648 0.04375 0.25463
0 0.373437 0.533333 0.03125 0.0925926
0 0.302604 0.760648 0.04375 0.25463
0 0.373437 0.533333 0.03125 0.0925926
0 0.302604 0.760648 0.04375 0.25463
0 0.373437 0.533333 0.03125 0.0925926
0 0.302604 0.760648 0.04375 0.25463
0 0.373437 0.533333 0.03125 0.0925926
0 0.302604 0.760648 0.04375 0.25463
0 0.373437 0.533333 0.03125 0.0925926
0 0.302604 0.760648 0.04375 0.25463
0 0.373437 0.533333 0.03125 0.0925926
0 0.302604 0.760648 0.04375 0.25463
0 0.373437 0.533333 0.03125 0.0925926
0 0.302604 0.760648 0.04375 0.25463
0 0.373437 0.533333 0.03125 0.0925926
0 0.302604 0.760648 0.04375 0.25463
0 0.459375 0.424074 0.0229167 0.0722222
0 0.257292 0.594444 0.0427083 0.15
0 0.283333 0.7625 0.046875 0.247222
0 0.608594 0.155556 0.0203125 0.0981481
0 0.453646 0.40463 0.021875 0.0981481
0 0.248437 0.605093 0.0385417 0.175
0 0.291927 0.760648 0.0401042 0.241667
0 0.235677 0.646296 0.0203125 0.111111
0 0.257812 0.652315 0.0260417 0.0898148
0 0.289323 0.755556 0.0463542 0.244444
0 0.645312 0.464352 0.01875 0.0990741
0 0.598437 0.425 0.0177083 0.0888889
0 0.289583 0.756019 0.0447917 0.247222
0 0.596354 0.606944 0.0333333 0.175
0 0.430729 0.414815 0.01875 0.0907407
0 0.492708 0.485648 0.021875 0.0953704
0 0.053125 0.673611 0.05 0.202778
0 0.598177 0.533796 0.0317708 0.132407
0 0.373437 0.533333 0.03125 0.0925926
0 0.302604 0.760648 0.04375 0.25463
0 0.373437 0.533333 0.03125 0.0925926
0 0.302604 0.760648 0.04375 0.25463
0 0.459375 0.424074 0.0229167 0.0722222
0 0.257292 0.594444 0.0427083 0.15
0 0.283333 0.7625 0.046875 0.247222
0 0.608594 0.155556 0.0203125 0.0981481
0 0.453646 0.40463 0.021875 0.0981481
0 0.248437 0.605093 0.0385417 0.175
0 0.291927 0.760648 0.0401042 0.241667
0 0.235677 0.646296 0.0203125 0.111111
0 0.257812 0.652315 0.0260417 0.0898148
0 0.289323 0.755556 0.0463542 0.244444
0 0.645312 0.464352 0.01875 0.0990741
0 0.598437 0.425 0.0177083 0.0888889
0 0.289583 0.756019 0.0447917 0.247222
0 0.596354 0.606944 0.0333333 0.175
0 0.430729 0.414815 0.01875 0.0907407
0 0.492708 0.485648 0.021875 0.0953704
0 0.053125 0.673611 0.05 0.202778
0 0.598177 0.533796 0.0317708 0.132407
0 0.119531 0.698611 0.0494792 0.217593
0 0.373437 0.533333 0.03125 0.0925926
0 0.302604 0.760648 0.04375 0.25463
0 0.373437 0.533333 0.03125 0.0925926
0 0.302604 0.760648 0.04375 0.25463
0 0.308854 0.578704 0.01875 0.0685185
0 0.302344 0.761574 0.0390625 0.250926
0 0.373437 0.533333 0.03125 0.0925926
0 0.302604 0.760648 0.04375 0.25463
0 0.373437 0.533333 0.03125 0.0925926
0 0.302604 0.760648 0.04375 0.25463
0 0.370573 0.531482 0.0307292 0.0925926
0 0.302604 0.760648 0.04375 0.25463
0 0.373437 0.533333 0.03125 0.0925926
0 0.302604 0.760648 0.04375 0.25463
0 0.373437 0.533333 0.03125 0.0925926
0 0.302604 0.760648 0.04375 0.25463
0 0.373437 0.533333 0.03125 0.0925926
0 0.302604 0.760648 0.04375 0.25463
0 0.373437 0.533333 0.03125 0.0925926
0 0.302604 0.760648 0.04375 0.25463
0 0.373437 0.533333 0.03125 0.0925926
0 0.302604 0.760648 0.04375 0.25463
0 0.373437 0.533333 0.03125 0.0925926
0 0.302604 0.760648 0.04375 0.25463
0 0.370573 0.531482 0.0307292 0.0925926
0 0.302604 0.760648 0.04375 0.25463
0 0.364844 0.540278 0.0265625 0.0861111
0 0.302604 0.760648 0.0427083 0.25463
0 0.36276 0.536574 0.0255208 0.106481
0 0.302604 0.760648 0.0427083 0.25463
0 0.358073 0.54537 0.0255208 0.0925926
0 0.302865 0.760185 0.0421875 0.253704
0 0.373437 0.533333 0.03125 0.0925926
0 0.302604 0.760648 0.04375 0.25463
0 0.373437 0.533333 0.03125 0.0925926
0 0.302604 0.760648 0.04375 0.25463
0 0.370573 0.531482 0.0307292 0.0925926
0 0.302604 0.760648 0.04375 0.25463
0 0.364844 0.540278 0.0265625 0.0861111
0 0.302604 0.760648 0.0427083 0.25463
0 0.36276 0.536574 0.0255208 0.106481
0 0.302604 0.760648 0.0427083 0.25463
0 0.358073 0.54537 0.0255208 0.0925926
0 0.302865 0.760185 0.0421875 0.253704
0 0.355208 0.541667 0.025 0.0962963
0 0.302865 0.760185 0.0421875 0.255556
0 0.350521 0.556019 0.0208333 0.0805556
0 0.36875 0.558796 0.0208333 0.0824074
0 0.303125 0.760185 0.04375 0.255556
0 0.366406 0.564352 0.0192708 0.0805556
0 0.348177 0.560185 0.0203125 0.0833333
0 0.303125 0.760185 0.0447917 0.255556
0 0.363021 0.562037 0.0197917 0.0796296
0 0.303385 0.760185 0.0453125 0.255556
0 0.373437 0.533333 0.03125 0.0925926
0 0.302604 0.760648 0.04375 0.25463
0 0.373437 0.533333 0.03125 0.0925926
0 0.302604 0.760648 0.04375 0.25463
0 0.370573 0.531482 0.0307292 0.0925926
0 0.302604 0.760648 0.04375 0.25463
0 0.364844 0.540278 0.0265625 0.0861111
0 0.302604 0.760648 0.0427083 0.25463
0 0.36276 0.536574 0.0255208 0.106481
0 0.302604 0.760648 0.0427083 0.25463
0 0.358073 0.54537 0.0255208 0.0925926
0 0.302865 0.760185 0.0421875 0.253704
0 0.355208 0.541667 0.025 0.0962963
0 0.302865 0.760185 0.0421875 0.255556
0 0.373437 0.533333 0.03125 0.0925926
0 0.302604 0.760648 0.04375 0.25463
0 0.373437 0.533333 0.03125 0.0925926
0 0.302604 0.760648 0.04375 0.25463
0 0.370573 0.531482 0.0307292 0.0925926
0 0.302604 0.760648 0.04375 0.25463
0 0.364844 0.540278 0.0265625 0.0861111
0 0.302604 0.760648 0.0427083 0.25463
0 0.36276 0.536574 0.0255208 0.106481
0 0.302604 0.760648 0.0427083 0.25463
0 0.373437 0.533333 0.03125 0.0925926
0 0.302604 0.760648 0.04375 0.25463
0 0.373437 0.533333 0.03125 0.0925926
0 0.302604 0.760648 0.04375 0.25463
0 0.459375 0.424074 0.0229167 0.0722222
0 0.257292 0.594444 0.0427083 0.15
0 0.283333 0.7625 0.046875 0.247222
0 0.608594 0.155556 0.0203125 0.0981481
0 0.453646 0.40463 0.021875 0.0981481
0 0.248437 0.605093 0.0385417 0.175
0 0.291927 0.760648 0.0401042 0.241667
0 0.373437 0.533333 0.03125 0.0925926
0 0.302604 0.760648 0.04375 0.25463
0 0.373437 0.533333 0.03125 0.0925926
0 0.302604 0.760648 0.04375 0.25463
0 0.304427 0.760648 0.0442708 0.256481
0 0.460938 0.432407 0.0229167 0.0925926
0 0.609375 0.156019 0.021875 0.0972222
0 0.303646 0.7625 0.0479167 0.260185
0 0.373437 0.533333 0.03125 0.0925926
0 0.302604 0.760648 0.04375 0.25463
0 0.373437 0.533333 0.03125 0.0925926
0 0.302604 0.760648 0.04375 0.25463
0 0.459375 0.424074 0.0229167 0.0722222
0 0.257292 0.594444 0.0427083 0.15
0 0.283333 0.7625 0.046875 0.247222
0 0.608594 0.155556 0.0203125 0.0981481
0 0.453646 0.40463 0.021875 0.0981481
0 0.248437 0.605093 0.0385417 0.175
0 0.291927 0.760648 0.0401042 0.241667
0 0.373437 0.533333 0.03125 0.0925926
0 0.302604 0.760648 0.04375 0.25463
0 0.373437 0.533333 0.03125 0.0925926
0 0.302604 0.760648 0.04375 0.25463
0 0.459375 0.424074 0.0229167 0.0722222
0 0.257292 0.594444 0.0427083 0.15
0 0.283333 0.7625 0.046875 0.247222
0 0.373437 0.533333 0.03125 0.0925926
0 0.302604 0.760648 0.04375 0.25463
0 0.459375 0.424074 0.0229167 0.0722222
0 0.257292 0.594444 0.0427083 0.15
0 0.283333 0.7625 0.046875 0.247222
0 0.608594 0.155556 0.0203125 0.0981481
0 0.453646 0.40463 0.021875 0.0981481
0 0.248437 0.605093 0.0385417 0.175
0 0.291927 0.760648 0.0401042 0.241667
0 0.373437 0.533333 0.03125 0.0925926
0 0.302604 0.760648 0.04375 0.25463
0 0.373437 0.533333 0.03125 0.0925926
0 0.302604 0.760648 0.04375 0.25463
0 0.373437 0.533333 0.03125 0.0925926
0 0.302604 0.760648 0.04375 0.25463
0 0.373437 0.533333 0.03125 0.0925926
0 0.302604 0.760648 0.04375 0.25463
0 0.373437 0.533333 0.03125 0.0925926
0 0.302604 0.760648 0.04375 0.25463
0 0.459375 0.424074 0.0229167 0.0722222
0 0.257292 0.594444 0.0427083 0.15
0 0.283333 0.7625 0.046875 0.247222
0 0.373437 0.533333 0.03125 0.0925926
0 0.302604 0.760648 0.04375 0.25463
0 0.373437 0.533333 0.03125 0.0925926
0 0.302604 0.760648 0.04375 0.25463
0 0.373437 0.533333 0.03125 0.0925926
0 0.302604 0.760648 0.04375 0.25463
0 0.373437 0.533333 0.03125 0.0925926
0 0.302604 0.760648 0.04375 0.25463
0 0.459375 0.424074 0.0229167 0.0722222
0 0.257292 0.594444 0.0427083 0.15
0 0.283333 0.7625 0.046875 0.247222
0 0.373437 0.533333 0.03125 0.0925926
0 0.302604 0.760648 0.04375 0.25463
0 0.373437 0.533333 0.03125 0.0925926
0 0.302604 0.760648 0.04375 0.25463
0 0.459375 0.424074 0.0229167 0.0722222
0 0.257292 0.594444 0.0427083 0.15
0 0.283333 0.7625 0.046875 0.247222
0 0.608594 0.155556 0.0203125 0.0981481
0 0.453646 0.40463 0.021875 0.0981481
0 0.248437 0.605093 0.0385417 0.175
0 0.291927 0.760648 0.0401042 0.241667
0 0.235677 0.646296 0.0203125 0.111111
0 0.257812 0.652315 0.0260417 0.0898148
0 0.289323 0.755556 0.0463542 0.244444
0 0.373437 0.533333 0.03125 0.0925926
0 0.302604 0.760648 0.04375 0.25463
0 0.459375 0.424074 0.0229167 0.0722222
0 0.257292 0.594444 0.0427083 0.15
0 0.283333 0.7625 0.046875 0.247222
0 0.608594 0.155556 0.0203125 0.0981481
0 0.453646 0.40463 0.021875 0.0981481
0 0.248437 0.605093 0.0385417 0.175
0 0.291927 0.760648 0.0401042 0.241667
0 0.235677 0.646296 0.0203125 0.111111
0 0.257812 0.652315 0.0260417 0.0898148
0 0.289323 0.755556 0.0463542 0.244444
0 0.645312 0.464352 0.01875 0.0990741
0 0.598437 0.425 0.0177083 0.0888889
0 0.289583 0.756019 0.0447917 0.247222
0 0.596354 0.606944 0.0333333 0.175
0 0.430729 0.414815 0.01875 0.0907407
0 0.492708 0.485648 0.021875 0.0953704
0 0.053125 0.673611 0.05 0.202778
0 0.598177 0.533796 0.0317708 0.132407
0 0.119531 0.698611 0.0494792 0.217593
0 0.702604 0.246759 0.0177083 0.117593
0 0.0122396 0.709259 0.0223958 0.124074
0 0.454948 0.456019 0.0265625 0.108333
0 0.153125 0.628704 0.0333333 0.166667
0 0.128906 0.697222 0.0421875 0.205556
0 0.351823 0.478704 0.0255208 0.0907407
0 0.174479 0.548611 0.0260417 0.106481
0 0.115625 0.69537 0.0354167 0.2
0 0.701823 0.244907 0.0182292 0.112037
0 0.282031 0.634259 0.0203125 0.0962963
0 0.517448 0.688426 0.0494792 0.208333
0 0.976042 0.507407 0.0333333 0.12037
0 0.433073 0.479167 0.0276042 0.110185
0 0.470052 0.477778 0.0265625 0.105556
0 0.123958 0.68287 0.03125 0.182407
0 0.373437 0.533333 0.03125 0.0925926
0 0.302604 0.760648 0.04375 0.25463
0 0.459375 0.424074 0.0229167 0.0722222
0 0.257292 0.594444 0.0427083 0.15
0 0.283333 0.7625 0.046875 0.247222
0 0.608594 0.155556 0.0203125 0.0981481
0 0.453646 0.40463 0.021875 0.0981481
0 0.248437 0.605093 0.0385417 0.175
0 0.291927 0.760648 0.0401042 0.241667
0 0.235677 0.646296 0.0203125 0.111111
0 0.257812 0.652315 0.0260417 0.0898148
0 0.289323 0.755556 0.0463542 0.244444
0 0.645312 0.464352 0.01875 0.0990741
0 0.598437 0.425 0.0177083 0.0888889
0 0.289583 0.756019 0.0447917 0.247222
0 0.596354 0.606944 0.0333333 0.175
0 0.430729 0.414815 0.01875 0.0907407
0 0.492708 0.485648 0.021875 0.0953704
0 0.053125 0.673611 0.05 0.202778
0 0.598177 0.533796 0.0317708 0.132407
0 0.119531 0.698611 0.0494792 0.217593
0 0.702604 0.246759 0.0177083 0.117593
0 0.0122396 0.709259 0.0223958 0.124074
0 0.454948 0.456019 0.0265625 0.108333
0 0.153125 0.628704 0.0333333 0.166667
0 0.128906 0.697222 0.0421875 0.205556
0 0.351823 0.478704 0.0255208 0.0907407
0 0.174479 0.548611 0.0260417 0.106481
0 0.115625 0.69537 0.0354167 0.2
0 0.701823 0.244907 0.0182292 0.112037
0 0.282031 0.634259 0.0203125 0.0962963
0 0.517448 0.688426 0.0494792 0.208333
0 0.976042 0.507407 0.0333333 0.12037
0 0.433073 0.479167 0.0276042 0.110185
0 0.470052 0.477778 0.0265625 0.105556
0 0.123958 0.68287 0.03125 0.182407
0 0.4125 0.505093 0.0270833 0.115741
0 0.451302 0.41713 0.0223958 0.0787037
0 0.391927 0.394444 0.0223958 0.0777778
0 0.376042 0.518056 0.0239583 0.106481
0 0.472135 0.481481 0.0244792 0.107407
0 0.133333 0.691667 0.0416667 0.211111
0 0.373437 0.533333 0.03125 0.0925926
0 0.302604 0.760648 0.04375 0.25463
0 0.373437 0.533333 0.03125 0.0925926
0 0.302604 0.760648 0.04375 0.25463
0 0.373437 0.533333 0.03125 0.0925926
0 0.302604 0.760648 0.04375 0.25463
0 0.459375 0.424074 0.0229167 0.0722222
0 0.257292 0.594444 0.0427083 0.15
0 0.283333 0.7625 0.046875 0.247222
0 0.608594 0.155556 0.0203125 0.0981481
0 0.453646 0.40463 0.021875 0.0981481
0 0.248437 0.605093 0.0385417 0.175
0 0.291927 0.760648 0.0401042 0.241667
0 0.373437 0.533333 0.03125 0.0925926
0 0.302604 0.760648 0.04375 0.25463
0 0.459375 0.424074 0.0229167 0.0722222
0 0.257292 0.594444 0.0427083 0.15
0 0.283333 0.7625 0.046875 0.247222
0 0.608594 0.155556 0.0203125 0.0981481
0 0.453646 0.40463 0.021875 0.0981481
0 0.248437 0.605093 0.0385417 0.175
0 0.291927 0.760648 0.0401042 0.241667
0 0.235677 0.646296 0.0203125 0.111111
0 0.257812 0.652315 0.0260417 0.0898148
0 0.289323 0.755556 0.0463542 0.244444
0 0.645312 0.464352 0.01875 0.0990741
0 0.598437 0.425 0.0177083 0.0888889
0 0.289583 0.756019 0.0447917 0.247222
0 0.596354 0.606944 0.0333333 0.175
0 0.430729 0.414815 0.01875 0.0907407
0 0.492708 0.485648 0.021875 0.0953704
0 0.053125 0.673611 0.05 0.202778
0 0.598177 0.533796 0.0317708 0.132407
0 0.119531 0.698611 0.0494792 0.217593
0 0.702604 0.246759 0.0177083 0.117593
0 0.0122396 0.709259 0.0223958 0.124074
0 0.454948 0.456019 0.0265625 0.108333
0 0.153125 0.628704 0.0333333 0.166667
0 0.128906 0.697222 0.0421875 0.205556
0 0.351823 0.478704 0.0255208 0.0907407
0 0.174479 0.548611 0.0260417 0.106481
0 0.115625 0.69537 0.0354167 0.2
0 0.701823 0.244907 0.0182292 0.112037
0 0.282031 0.634259 0.0203125 0.0962963
0 0.517448 0.688426 0.0494792 0.208333
0 0.976042 0.507407 0.0333333 0.12037
0 0.433073 0.479167 0.0276042 0.110185
0 0.470052 0.477778 0.0265625 0.105556
0 0.123958 0.68287 0.03125 0.182407
0 0.4125 0.505093 0.0270833 0.115741
0 0.451302 0.41713 0.0223958 0.0787037
0 0.391927 0.394444 0.0223958 0.0777778
0 0.376042 0.518056 0.0239583 0.106481
0 0.472135 0.481481 0.0244792 0.107407
0 0.133333 0.691667 0.0416667 0.211111
0 0.391927 0.394444 0.0223958 0.0777778
0 0.376042 0.518056 0.0239583 0.106481
0 0.472135 0.481481 0.0244792 0.107407
0 0.133333 0.691667 0.0416667 0.211111
0 0.459375 0.424074 0.0229167 0.0722222
0 0.257292 0.594444 0.0427083 0.15
0 0.283333 0.7625 0.046875 0.247222
0 0.608594 0.155556 0.0203125 0.0981481
0 0.453646 0.40463 0.021875 0.0981481
0 0.248437 0.605093 0.0385417 0.175
0 0.291927 0.760648 0.0401042 0.241667
0 0.235677 0.646296 0.0203125 0.111111
0 0.257812 0.652315 0.0260417 0.0898148
0 0.289323 0.755556 0.0463542 0.244444
0 0.645312 0.464352 0.01875 0.0990741
0 0.598437 0.425 0.0177083 0.0888889
0 0.289583 0.756019 0.0447917 0.247222
0 0.596354 0.606944 0.0333333 0.175
0 0.430729 0.414815 0.01875 0.0907407
0 0.492708 0.485648 0.021875 0.0953704
0 0.053125 0.673611 0.05 0.202778
0 0.598177 0.533796 0.0317708 0.132407
0 0.119531 0.698611 0.0494792 0.217593
0 0.702604 0.246759 0.0177083 0.117593
0 0.0122396 0.709259 0.0223958 0.124074
0 0.454948 0.456019 0.0265625 0.108333
0 0.153125 0.628704 0.0333333 0.166667
0 0.128906 0.697222 0.0421875 0.205556
0 0.351823 0.478704 0.0255208 0.0907407
0 0.174479 0.548611 0.0260417 0.106481
0 0.115625 0.69537 0.0354167 0.2
0 0.701823 0.244907 0.0182292 0.112037
0 0.282031 0.634259 0.0203125 0.0962963
0 0.517448 0.688426 0.0494792 0.208333
0 0.976042 0.507407 0.0333333 0.12037
0 0.433073 0.479167 0.0276042 0.110185
0 0.470052 0.477778 0.0265625 0.105556
0 0.123958 0.68287 0.03125 0.182407
0 0.4125 0.505093 0.0270833 0.115741
0 0.451302 0.41713 0.0223958 0.0787037
0 0.391927 0.394444 0.0223958 0.0777778
0 0.376042 0.518056 0.0239583 0.106481
0 0.472135 0.481481 0.0244792 0.107407
0 0.133333 0.691667 0.0416667 0.211111
0 0.391927 0.394444 0.0223958 0.0777778
0 0.376042 0.518056 0.0239583 0.106481
0 0.472135 0.481481 0.0244792 0.107407
0 0.133333 0.691667 0.0416667 0.211111
0 0.459375 0.424074 0.0229167 0.0722222
0 0.257292 0.594444 0.0427083 0.15
0 0.283333 0.7625 0.046875 0.247222
0 0.608594 0.155556 0.0203125 0.0981481
0 0.453646 0.40463 0.021875 0.0981481
0 0.248437 0.605093 0.0385417 0.175
0 0.291927 0.760648 0.0401042 0.241667
0 0.235677 0.646296 0.0203125 0.111111
0 0.257812 0.652315 0.0260417 0.0898148
0 0.289323 0.755556 0.0463542 0.244444
0 0.645312 0.464352 0.01875 0.0990741
0 0.598437 0.425 0.0177083 0.0888889
0 0.289583 0.756019 0.0447917 0.247222
0 0.596354 0.606944 0.0333333 0.175
0 0.430729 0.414815 0.01875 0.0907407
0 0.492708 0.485648 0.021875 0.0953704
0 0.053125 0.673611 0.05 0.202778
0 0.598177 0.533796 0.0317708 0.132407
0 0.119531 0.698611 0.0494792 0.217593
0 0.702604 0.246759 0.0177083 0.117593
0 0.0122396 0.709259 0.0223958 0.124074
0 0.454948 0.456019 0.0265625 0.108333
0 0.153125 0.628704 0.0333333 0.166667
0 0.128906 0.697222 0.0421875 0.205556
0 0.351823 0.478704 0.0255208 0.0907407
0 0.174479 0.548611 0.0260417 0.106481
0 0.115625 0.69537 0.0354167 0.2
0 0.701823 0.244907 0.0182292 0.112037
0 0.282031 0.634259 0.0203125 0.0962963
0 0.517448 0.688426 0.0494792 0.208333
0 0.976042 0.507407 0.0333333 0.12037
0 0.433073 0.479167 0.0276042 0.110185
0 0.470052 0.477778 0.0265625 0.105556
0 0.123958 0.68287 0.03125 0.182407
0 0.4125 0.505093 0.0270833 0.115741
0 0.451302 0.41713 0.0223958 0.0787037
0 0.391927 0.394444 0.0223958 0.0777778
0 0.376042 0.518056 0.0239583 0.106481
0 0.472135 0.481481 0.0244792 0.107407
0 0.133333 0.691667 0.0416667 0.211111
0 0.391927 0.394444 0.0223958 0.0777778
0 0.376042 0.518056 0.0239583 0.106481
0 0.472135 0.481481 0.0244792 0.107407
0 0.133333 0.691667 0.0416667 0.211111
0 0.459375 0.424074 0.0229167 0.0722222
0 0.257292 0.594444 0.0427083 0.15
0 0.283333 0.7625 0.046875 0.247222
0 0.608594 0.155556 0.0203125 0.0981481
0 0.453646 0.40463 0.021875 0.0981481
0 0.248437 0.605093 0.0385417 0.175
0 0.291927 0.760648 0.0401042 0.241667
0 0.235677 0.646296 0.0203125 0.111111
0 0.257812 0.652315 0.0260417 0.0898148
0 0.289323 0.755556 0.0463542 0.244444
0 0.645312 0.464352 0.01875 0.0990741
0 0.598437 0.425 0.0177083 0.0888889
0 0.289583 0.756019 0.0447917 0.247222
0 0.596354 0.606944 0.0333333 0.175
0 0.430729 0.414815 0.01875 0.0907407
0 0.492708 0.485648 0.021875 0.0953704
0 0.053125 0.673611 0.05 0.202778
0 0.598177 0.533796 0.0317708 0.132407
0 0.119531 0.698611 0.0494792 0.217593
0 0.702604 0.246759 0.0177083 0.117593
0 0.0122396 0.709259 0.0223958 0.124074
0 0.454948 0.456019 0.0265625 0.108333
0 0.153125 0.628704 0.0333333 0.166667
0 0.128906 0.697222 0.0421875 0.205556
0 0.351823 0.478704 0.0255208 0.0907407
0 0.174479 0.548611 0.0260417 0.106481
0 0.115625 0.69537 0.0354167 0.2
0 0.701823 0.244907 0.0182292 0.112037
0 0.282031 0.634259 0.0203125 0.0962963
0 0.517448 0.688426 0.0494792 0.208333
0 0.976042 0.507407 0.0333333 0.12037
0 0.433073 0.479167 0.0276042 0.110185
0 0.470052 0.477778 0.0265625 0.105556
0 0.123958 0.68287 0.03125 0.182407
0 0.4125 0.505093 0.0270833 0.115741
0 0.451302 0.41713 0.0223958 0.0787037
0 0.391927 0.394444 0.0223958 0.0777778
0 0.376042 0.518056 0.0239583 0.106481
0 0.472135 0.481481 0.0244792 0.107407
0 0.133333 0.691667 0.0416667 0.211111
0 0.391927 0.394444 0.0223958 0.0777778
0 0.376042 0.518056 0.0239583 0.106481
0 0.472135 0.481481 0.0244792 0.107407
0 0.133333 0.691667 0.0416667 0.211111
0 0.459375 0.424074 0.0229167 0.0722222
0 0.257292 0.594444 0.0427083 0.15
0 0.283333 0.7625 0.046875 0.247222
0 0.608594 0.155556 0.0203125 0.0981481
0 0.453646 0.40463 0.021875 0.0981481
0 0.248437 0.605093 0.0385417 0.175
0 0.291927 0.760648 0.0401042 0.241667
0 0.235677 0.646296 0.0203125 0.111111
0 0.257812 0.652315 0.0260417 0.0898148
0 0.289323 0.755556 0.0463542 0.244444
0 0.645312 0.464352 0.01875 0.0990741
0 0.598437 0.425 0.0177083 0.0888889
0 0.289583 0.756019 0.0447917 0.247222
0 0.596354 0.606944 0.0333333 0.175
