0 0.239583 0.519444 0.0416667 0.190741
0 0.204167 0.169444 0.0541667 0.161111
0 0.426042 0.240741 0.0333333 0.17037
0 0.270833 0.116667 0.0291667 0.140741
0 0.426562 0.725926 0.040625 0.222222
0 0.518229 0.909259 0.0489583 0.177778
0 0.228125 0.112037 0.025 0.142593
0 0.651563 0.0712963 0.028125 0.142593
0 0.121875 0.216667 0.0291667 0.162963
0 0.335417 0.835185 0.0416667 0.222222
0 0.152083 0.214815 0.03125 0.174074
0 0.252083 0.485185 0.0375 0.188889
0 0.198437 0.087037 0.0322917 0.174074
0 0.644792 0.112963 0.0375 0.107407
0 0.219271 0.162963 0.0302083 0.159259
0 0.551042 0.557407 0.0354167 0.196296
0 0.839063 0.266667 0.0302083 0.148148
0 0.377083 0.265741 0.0541667 0.116667
0 0.1875 0.184259 0.0375 0.172222
0 0.209375 0.531482 0.0375 0.188889
0 0.19375 0.567593 0.0395833 0.212963
0 0.847917 0.156481 0.0333333 0.161111
0 0.235938 0.582407 0.0447917 0.201852
0 0.540625 0.858333 0.04375 0.22037
0 0.61875 0.861111 0.05625 0.244444
0 0.518229 0.55 0.0447917 0.222222
0 0.368229 0.718518 0.071875 0.240741
0 0.138542 0.690741 0.0479167 0.2
0 0.41875 0.150926 0.03125 0.15
0 0.246354 0.151852 0.0322917 0.159259
0 0.0484375 0.844444 0.0510417 0.237037
0 0.933854 0.244444 0.0385417 0.177778
0 0.635417 0.509259 0.0354167 0.188889
0 0.451562 0.121296 0.034375 0.161111
0 0.459375 0.541667 0.0395833 0.212963
0 0.522917 0.10463 0.0291667 0.15
0 0.210938 0.306481 0.0364583 0.175926
0 0.286458 0.388889 0.0375 0.185185
0 0.491667 0.116667 0.03125 0.144444
0 0.430208 0.52963 0.0395833 0.214815
0 0.734375 0.667593 0.05 0.231481
0 0.920833 0.421296 0.0395833 0.205556
0 0.279687 0.175 0.0302083 0.161111
0 0.0828125 0.819444 0.0489583 0.231481
0 0.280729 0.486111 0.0322917 0.168519
0 0.178125 0.312037 0.0333333 0.164815
0 0.605208 0.556481 0.0375 0.190741
0 0.25625 0.731481 0.0416667 0.211111
0 0.595312 0.75 0.046875 0.203704
0 0.208333 0.731481 0.0416667 0.225926
0 0.672917 0.880556 0.0520833 0.238889
0 0.419792 0.4 0.0416667 0.188889
0 0.239583 0.519444 0.0416667 0.190741
0 0.204167 0.169444 0.0541667 0.161111
0 0.426042 0.240741 0.0333333 0.17037
0 0.270833 0.116667 0.0291667 0.140741
0 0.426562 0.725926 0.040625 0.222222
0 0.518229 0.909259 0.0489583 0.177778
0 0.228125 0.112037 0.025 0.142593
0 0.651563 0.0712963 0.028125 0.142593
0 0.121875 0.216667 0.0291667 0.162963
0 0.335417 0.835185 0.0416667 0.222222
0 0.152083 0.214815 0.03125 0.174074
0 0.252083 0.485185 0.0375 0.188889
0 0.198437 0.087037 0.0322917 0.174074
0 0.644792 0.112963 0.0375 0.107407
0 0.219271 0.162963 0.0302083 0.159259
0 0.551042 0.557407 0.0354167 0.196296
0 0.839063 0.266667 0.0302083 0.148148
0 0.377083 0.265741 0.0541667 0.116667
0 0.1875 0.184259 0.0375 0.172222
0 0.209375 0.531482 0.0375 0.188889
0 0.19375 0.567593 0.0395833 0.212963
0 0.847917 0.156481 0.0333333 0.161111
0 0.235938 0.582407 0.0447917 0.201852
0 0.540625 0.858333 0.04375 0.22037
0 0.61875 0.861111 0.05625 0.244444
0 0.518229 0.55 0.0447917 0.222222
0 0.368229 0.718518 0.071875 0.240741
0 0.138542 0.690741 0.0479167 0.2
0 0.41875 0.150926 0.03125 0.15
0 0.246354 0.151852 0.0322917 0.159259
0 0.0484375 0.844444 0.0510417 0.237037
0 0.933854 0.244444 0.0385417 0.177778
0 0.635417 0.509259 0.0354167 0.188889
0 0.451562 0.121296 0.034375 0.161111
0 0.459375 0.541667 0.0395833 0.212963
0 0.522917 0.10463 0.0291667 0.15
0 0.210938 0.306481 0.0364583 0.175926
0 0.286458 0.388889 0.0375 0.185185
0 0.491667 0.116667 0.03125 0.144444
0 0.430208 0.52963 0.0395833 0.214815
0 0.734375 0.667593 0.05 0.231481
0 0.920833 0.421296 0.0395833 0.205556
0 0.279687 0.175 0.0302083 0.161111
0 0.0828125 0.819444 0.0489583 0.231481
0 0.280729 0.486111 0.0322917 0.168519
0 0.178125 0.312037 0.0333333 0.164815
0 0.605208 0.556481 0.0375 0.190741
0 0.25625 0.731481 0.0416667 0.211111
0 0.595312 0.75 0.046875 0.203704
0 0.208333 0.731481 0.0416667 0.225926
0 0.672917 0.880556 0.0520833 0.238889
0 0.419792 0.4 0.0416667 0.188889
0 0.239583 0.519444 0.0416667 0.190741
0 0.204167 0.169444 0.0541667 0.161111
0 0.426042 0.240741 0.0333333 0.17037
0 0.270833 0.116667 0.0291667 0.140741
0 0.426562 0.725926 0.040625 0.222222
0 0.518229 0.909259 0.0489583 0.177778
0 0.228125 0.112037 0.025 0.142593
0 0.651563 0.0712963 0.028125 0.142593
0 0.121875 0.216667 0.0291667 0.162963
0 0.335417 0.835185 0.0416667 0.222222
0 0.152083 0.214815 0.03125 0.174074
0 0.252083 0.485185 0.0375 0.188889
0 0.198437 0.087037 0.0322917 0.174074
0 0.644792 0.112963 0.0375 0.107407
0 0.219271 0.162963 0.0302083 0.159259
0 0.551042 0.557407 0.0354167 0.196296
0 0.839063 0.266667 0.0302083 0.148148
0 0.377083 0.265741 0.0541667 0.116667
0 0.1875 0.184259 0.0375 0.172222
0 0.209375 0.531482 0.0375 0.188889
0 0.19375 0.567593 0.0395833 0.212963
0 0.847917 0.156481 0.0333333 0.161111
0 0.235938 0.582407 0.0447917 0.201852
0 0.540625 0.858333 0.04375 0.22037
0 0.61875 0.861111 0.05625 0.244444
0 0.518229 0.55 0.0447917 0.222222
0 0.368229 0.718518 0.071875 0.240741
0 0.138542 0.690741 0.0479167 0.2
0 0.41875 0.150926 0.03125 0.15
0 0.246354 0.151852 0.0322917 0.159259
0 0.0484375 0.844444 0.0510417 0.237037
0 0.933854 0.244444 0.0385417 0.177778
0 0.635417 0.509259 0.0354167 0.188889
0 0.451562 0.121296 0.034375 0.161111
0 0.459375 0.541667 0.0395833 0.212963
0 0.522917 0.10463 0.0291667 0.15
0 0.210938 0.306481 0.0364583 0.175926
0 0.286458 0.388889 0.0375 0.185185
0 0.491667 0.116667 0.03125 0.144444
0 0.430208 0.52963 0.0395833 0.214815
0 0.734375 0.667593 0.05 0.231481
0 0.920833 0.421296 0.0395833 0.205556
0 0.279687 0.175 0.0302083 0.161111
0 0.0828125 0.819444 0.0489583 0.231481
0 0.280729 0.486111 0.0322917 0.168519
0 0.178125 0.312037 0.0333333 0.164815
0 0.605208 0.556481 0.0375 0.190741
0 0.25625 0.731481 0.0416667 0.211111
0 0.595312 0.75 0.046875 0.203704
0 0.208333 0.731481 0.0416667 0.225926
0 0.672917 0.880556 0.0520833 0.238889
0 0.419792 0.4 0.0416667 0.188889
0 0.239583 0.519444 0.0416667 0.190741
0 0.204167 0.169444 0.0541667 0.161111
0 0.426042 0.240741 0.0333333 0.17037
0 0.270833 0.116667 0.0291667 0.140741
0 0.426562 0.725926 0.040625 0.222222
0 0.518229 0.909259 0.0489583 0.177778
0 0.228125 0.112037 0.025 0.142593
0 0.651563 0.0712963 0.028125 0.142593
0 0.121875 0.216667 0.0291667 0.162963
0 0.335417 0.835185 0.0416667 0.222222
0 0.152083 0.214815 0.03125 0.174074
0 0.252083 0.485185 0.0375 0.188889
0 0.198437 0.087037 0.0322917 0.174074
0 0.644792 0.112963 0.0375 0.107407
0 0.219271 0.162963 0.0302083 0.159259
0 0.551042 0.557407 0.0354167 0.196296
0 0.839063 0.266667 0.0302083 0.148148
0 0.377083 0.265741 0.0541667 0.116667
0 0.1875 0.184259 0.0375 0.172222
0 0.209375 0.531482 0.0375 0.188889
0 0.19375 0.567593 0.0395833 0.212963
0 0.847917 0.156481 0.0333333 0.161111
0 0.235938 0.582407 0.0447917 0.201852
0 0.540625 0.858333 0.04375 0.22037
0 0.61875 0.861111 0.05625 0.244444
0 0.518229 0.55 0.0447917 0.222222
0 0.368229 0.718518 0.071875 0.240741
0 0.138542 0.690741 0.0479167 0.2
0 0.41875 0.150926 0.03125 0.15
0 0.246354 0.151852 0.0322917 0.159259
0 0.0484375 0.844444 0.0510417 0.237037
0 0.933854 0.244444 0.0385417 0.177778
0 0.635417 0.509259 0.0354167 0.188889
0 0.451562 0.121296 0.034375 0.161111
0 0.459375 0.541667 0.0395833 0.212963
0 0.522917 0.10463 0.0291667 0.15
0 0.210938 0.306481 0.0364583 0.175926
0 0.286458 0.388889 0.0375 0.185185
0 0.491667 0.116667 0.03125 0.144444
0 0.430208 0.52963 0.0395833 0.214815
0 0.734375 0.667593 0.05 0.231481
0 0.920833 0.421296 0.0395833 0.205556
0 0.279687 0.175 0.0302083 0.161111
0 0.0828125 0.819444 0.0489583 0.231481
0 0.280729 0.486111 0.0322917 0.168519
0 0.178125 0.312037 0.0333333 0.164815
0 0.605208 0.556481 0.0375 0.190741
0 0.25625 0.731481 0.0416667 0.211111
0 0.595312 0.75 0.046875 0.203704
0 0.208333 0.731481 0.0416667 0.225926
0 0.672917 0.880556 0.0520833 0.238889
0 0.419792 0.4 0.0416667 0.188889
0 0.239583 0.519444 0.0416667 0.190741
0 0.204167 0.169444 0.0541667 0.161111
0 0.426042 0.240741 0.0333333 0.17037
0 0.270833 0.116667 0.0291667 0.140741
0 0.426562 0.725926 0.040625 0.222222
0 0.518229 0.909259 0.0489583 0.177778
0 0.228125 0.112037 0.025 0.142593
0 0.651563 0.0712963 0.028125 0.142593
0 0.121875 0.216667 0.0291667 0.162963
0 0.335417 0.835185 0.0416667 0.222222
0 0.152083 0.214815 0.03125 0.174074
0 0.252083 0.485185 0.0375 0.188889
0 0.198437 0.087037 0.0322917 0.174074
0 0.644792 0.112963 0.0375 0.107407
0 0.219271 0.162963 0.0302083 0.159259
0 0.551042 0.557407 0.0354167 0.196296
0 0.839063 0.266667 0.0302083 0.148148
0 0.377083 0.265741 0.0541667 0.116667
0 0.1875 0.184259 0.0375 0.172222
0 0.209375 0.531482 0.0375 0.188889
0 0.19375 0.567593 0.0395833 0.212963
0 0.847917 0.156481 0.0333333 0.161111
0 0.235938 0.582407 0.0447917 0.201852
0 0.540625 0.858333 0.04375 0.22037
0 0.61875 0.861111 0.05625 0.244444
0 0.518229 0.55 0.0447917 0.222222
0 0.368229 0.718518 0.071875 0.240741
0 0.138542 0.690741 0.0479167 0.2
0 0.41875 0.150926 0.03125 0.15
0 0.246354 0.151852 0.0322917 0.159259
0 0.0484375 0.844444 0.0510417 0.237037
0 0.933854 0.244444 0.0385417 0.177778
0 0.635417 0.509259 0.0354167 0.188889
0 0.451562 0.121296 0.034375 0.161111
0 0.459375 0.541667 0.0395833 0.212963
0 0.522917 0.10463 0.0291667 0.15
0 0.210938 0.306481 0.0364583 0.175926
0 0.286458 0.388889 0.0375 0.185185
0 0.491667 0.116667 0.03125 0.144444
0 0.430208 0.52963 0.0395833 0.214815
0 0.734375 0.667593 0.05 0.231481
0 0.920833 0.421296 0.0395833 0.205556
0 0.279687 0.175 0.0302083 0.161111
0 0.0828125 0.819444 0.0489583 0.231481
0 0.280729 0.486111 0.0322917 0.168519
0 0.178125 0.312037 0.0333333 0.164815
0 0.605208 0.556481 0.0375 0.190741
0 0.25625 0.731481 0.0416667 0.211111
0 0.595312 0.75 0.046875 0.203704
0 0.208333 0.731481 0.0416667 0.225926
0 0.672917 0.880556 0.0520833 0.238889
0 0.419792 0.4 0.0416667 0.188889
0 0.239583 0.519444 0.0416667 0.190741
0 0.204167 0.169444 0.0541667 0.161111
0 0.426042 0.240741 0.0333333 0.17037
0 0.270833 0.116667 0.0291667 0.140741
0 0.426562 0.725926 0.040625 0.222222
0 0.518229 0.909259 0.0489583 0.177778
0 0.228125 0.112037 0.025 0.142593
0 0.651563 0.0712963 0.028125 0.142593
0 0.121875 0.216667 0.0291667 0.162963
0 0.335417 0.835185 0.0416667 0.222222
0 0.152083 0.214815 0.03125 0.174074
0 0.252083 0.485185 0.0375 0.188889
0 0.198437 0.087037 0.0322917 0.174074
0 0.644792 0.112963 0.0375 0.107407
0 0.219271 0.162963 0.0302083 0.159259
0 0.551042 0.557407 0.0354167 0.196296
0 0.839063 0.266667 0.0302083 0.148148
0 0.377083 0.265741 0.0541667 0.116667
0 0.1875 0.184259 0.0375 0.172222
0 0.209375 0.531482 0.0375 0.188889
0 0.19375 0.567593 0.0395833 0.212963
0 0.847917 0.156481 0.0333333 0.161111
0 0.235938 0.582407 0.0447917 0.201852
0 0.540625 0.858333 0.04375 0.22037
0 0.61875 0.861111 0.05625 0.244444
0 0.518229 0.55 0.0447917 0.222222
0 0.368229 0.718518 0.071875 0.240741
0 0.138542 0.690741 0.0479167 0.2
0 0.41875 0.150926 0.03125 0.15
0 0.246354 0.151852 0.0322917 0.159259
0 0.0484375 0.844444 0.0510417 0.237037
0 0.933854 0.244444 0.0385417 0.177778
0 0.635417 0.509259 0.0354167 0.188889
0 0.451562 0.121296 0.034375 0.161111
0 0.459375 0.541667 0.0395833 0.212963
0 0.522917 0.10463 0.0291667 0.15
0 0.210938 0.306481 0.0364583 0.175926
0 0.286458 0.388889 0.0375 0.185185
0 0.491667 0.116667 0.03125 0.144444
0 0.430208 0.52963 0.0395833 0.214815
0 0.734375 0.667593 0.05 0.231481
0 0.920833 0.421296 0.0395833 0.205556
0 0.279687 0.175 0.0302083 0.161111
0 0.0828125 0.819444 0.0489583 0.231481
0 0.280729 0.486111 0.0322917 0.168519
0 0.178125 0.312037 0.0333333 0.164815
0 0.605208 0.556481 0.0375 0.190741
0 0.25625 0.731481 0.0416667 0.211111
0 0.595312 0.75 0.046875 0.203704
0 0.208333 0.731481 0.0416667 0.225926
0 0.672917 0.880556 0.0520833 0.238889
0 0.419792 0.4 0.0416667 0.188889
0 0.239583 0.519444 0.0416667 0.190741
0 0.204167 0.169444 0.0541667 0.161111
0 0.426042 0.240741 0.0333333 0.17037
0 0.270833 0.116667 0.0291667 0.140741
0 0.426562 0.725926 0.040625 0.222222
0 0.518229 0.909259 0.0489583 0.177778
0 0.228125 0.112037 0.025 0.142593
0 0.651563 0.0712963 0.028125 0.142593
0 0.121875 0.216667 0.0291667 0.162963
0 0.335417 0.835185 0.0416667 0.222222
0 0.152083 0.214815 0.03125 0.174074
0 0.252083 0.485185 0.0375 0.188889
0 0.198437 0.087037 0.0322917 0.174074
0 0.644792 0.112963 0.0375 0.107407
0 0.219271 0.162963 0.0302083 0.159259
0 0.551042 0.557407 0.0354167 0.196296
0 0.839063 0.266667 0.0302083 0.148148
0 0.377083 0.265741 0.0541667 0.116667
0 0.1875 0.184259 0.0375 0.172222
0 0.209375 0.531482 0.0375 0.188889
0 0.19375 0.567593 0.0395833 0.212963
0 0.847917 0.156481 0.0333333 0.161111
0 0.235938 0.582407 0.0447917 0.201852
0 0.540625 0.858333 0.04375 0.22037
0 0.61875 0.861111 0.05625 0.244444
0 0.518229 0.55 0.0447917 0.222222
0 0.368229 0.718518 0.071875 0.240741
0 0.138542 0.690741 0.0479167 0.2
0 0.41875 0.150926 0.03125 0.15
0 0.246354 0.151852 0.0322917 0.159259
0 0.0484375 0.844444 0.0510417 0.237037
0 0.933854 0.244444 0.0385417 0.177778
0 0.635417 0.509259 0.0354167 0.188889
0 0.451562 0.121296 0.034375 0.161111
0 0.459375 0.541667 0.0395833 0.212963
0 0.522917 0.10463 0.0291667 0.15
0 0.210938 0.306481 0.0364583 0.175926
0 0.286458 0.388889 0.0375 0.185185
0 0.491667 0.116667 0.03125 0.144444
0 0.430208 0.52963 0.0395833 0.214815
0 0.734375 0.667593 0.05 0.231481
0 0.920833 0.421296 0.0395833 0.205556
0 0.279687 0.175 0.0302083 0.161111
0 0.0828125 0.819444 0.0489583 0.231481
0 0.280729 0.486111 0.0322917 0.168519
0 0.178125 0.312037 0.0333333 0.164815
0 0.605208 0.556481 0.0375 0.190741
0 0.25625 0.731481 0.0416667 0.211111
0 0.595312 0.75 0.046875 0.203704
0 0.208333 0.731481 0.0416667 0.225926
0 0.672917 0.880556 0.0520833 0.238889
0 0.419792 0.4 0.0416667 0.188889
